UF,Total (1 000 pessoas),Total (1 000 pessoas) CV (%),Branca  (Total),Branca CV (%),Preta Total,Preta CV (%),Parda (Total),Parda CV (%),Amarela ou indígena (Total),Amarela ou indígena CV (%),Ano:
Rondônia,1628,0740000000014,-,32,916534076735658,3,5129370478387427,7,9193669277238978,5,7137455315902557,58,703287589008198,1,9968306976789105,0,4608114065327949,22,655376294190617,2012
Acre,777,46100000000524,-,23,469458856645467,3,9587710372372911,4,3022022293079001,10,983826024185486,71,484531105884543,1,5212778589376896,0,74380780816246084,34,005835059069454,2012
Amazonas,3540,6430000000264,-,20,368685740929379,4,2531608018019362,2,4600235080383177,10,233447428208132,74,954306622102763,1,4433556407587704,2,2169841289283028,26,985788614768907,2012
Roraima,426,8039999999969,-,20,633053262041667,6,828041399649412,5,1978106843731497,11,795420815453555,70,905174954374445,2,4193128365188219,3,2639610992098262,27,026556544880297,2012
Pará,7920,521999999637,-,19,633494336442478,2,9118731283959174,6,232510541329658,6,3713105369838194,73,60892561304928,0,9044556397273199,0,52506950917692474,17,973978895018245,2012
Amapá,721,36100000000442,-,16,82169833786541,7,3722460160188632,7,0447896883712042,12,591451218111798,75,791093320710218,2,1197525374182886,0,34241865305400554,93,55577309532481,2012
Tocantins,1437,4740000000074,-,22,573575108372037,4,9522439546930839,7,0448922271866738,10,400100228222051,69,674748546485574,1,8337824427072478,0,70678411795459584,20,883331757182905,2012
Maranhão,6765,9400000000214,-,19,125126811389791,2,5834664322613121,9,6184217652327764,4,7187269757963817,70,946744740331013,0,86427425175495654,0,30970668304446974,14,138552673348121,2012
Piauí,3212,6349999999511,-,21,405310613582945,4,5629183269560851,7,1792656072731216,7,8172036123649287,71,39227249438234,1,3697160370509969,2,3151284761565048E-2,78,255606232848294,2012
Ceará,8734,8060000002497,-,30,484282687625697,2,2165075128685361,2,8985744414453323,5,993861341947639,66,290036316288237,1,0424474780021737,0,32710655463978572,15,991517528379534,2012
Rio Grande do Norte,3302,7199999999839,-,40,452184659800885,2,3606879676039103,2,6664491501440324,9,9746072416879166,56,702070603925058,1,7010415615561305,0,17929558613120627,39,739037669239799,2012
Paraíba,3855,1840000000657,-,33,86144391359705,2,6419377409089182,4,4106190949787276,8,4377908089466871,60,888891956254149,1,7422314777988117,0,83904503517113682,91,134723397475398,2012
Pernambuco,9071,2060000000965,-,33,320257072625274,2,7563688734159921,6,058570193591482,5,8221161855487518,60,144367520073367,1,5385338452895838,0,47680521370964668,20,340404754881742,2012
Alagoas,3224,1720000000296,-,23,726974249764687,3,2773718333993536,4,4263555049516299,7,5696844251570718,71,529075394580332,1,161641373479243,0,31759485070319937,25,858234487582859,2012
Sergipe,2151,9850000000342,-,25,794821507708416,3,7971496416191188,7,8454061594369575,6,5475518127561445,66,150812113227914,1,5514448695450747,0,20896021962573536,26,931340252267518,2012
Bahia,14422,526000000418,-,19,920704600257839,3,5062944143923933,17,345596950893029,3,5966477133395269,62,112871906696704,1,2480248852409557,0,62082654215304089,15,69181432055089,2012
Minas Gerais,20225,15000000014,-,44,295316364907414,1,6710117372078825,8,6886002364669306,3,971809522524282,46,679840137131627,1,4734993144467556,0,33624326149104999,15,579589190710214,2012
Espírito Santo,3686,1239999999502,-,42,156933778167208,2,2234093987010768,8,3992807501946665,5,2033314353101181,49,072115037123673,1,7140711269178499,0,37167043451246634,18,490309756512584,2012
Rio de Janeiro,16510,151999999944,-,45,568347047500126,1,6378259064540122,14,25407783859184,3,4175497985924683,39,863963644296007,1,6723397027170233,0,31361146961160669,16,769489586880777,2012
São Paulo,43114,155999998809,-,64,66253491847354,1,1497423958958843,5,6457430749804178,4,7623389617820404,28,333025011024723,2,3872491251902312,1,3586969955202859,9,9941884215201426,2012
Paraná,10808,803999999694,-,70,093755961614846,1,1153866668884178,3,1253788458114946,6,9369851352454148,25,524369531521696,2,8574366500996131,1,2564956610514986,11,613590021480315,2012
Santa Catarina,6519,6809999999177,-,86,374040505333994,0,59170311970224931,2,6071893108109845,8,0542387860408962,10,801239133972885,4,2195464978465385,0,21753104988653366,20,181459116078628,2012
Rio Grande do Sul,10995,5340000002,-,83,394240439246914,0,76682015045203666,5,1943948561012938,6,3547783652935799,11,046468313435536,4,5255870653807344,0,36489639121601497,18,562397152330636,2012
Mato Grosso do Sul,2493,0590000000147,-,47,16321806164909,2,1649434619103367,6,359080944272395,6,4821042298784475,44,294212911702573,2,2009486875400488,2,1834880823754501,17,815140681871892,2012
Mato Grosso,3136,2190000000064,-,35,610032004553126,2,981255873425253,7,3333237559344644,5,7935121700950125,56,137965521385375,1,923358652768812,0,91867871812614899,18,983266641151726,2012
Goiás,6315,9440000000086,-,38,060761349338925,2,5576244120674674,5,1999362681035386,6,0986900737077363,56,524041662642141,1,7271991850776196,0,21526071991726756,29,950710370304851,2012
Distrito Federal,2722,1979999998739,-,41,905517343246743,3,5995047178139119,8,1295621430099771,7,0546836620637388,49,426750764738934,2,9072980098192884,0,53816974900392167,21,047466763049059,2012
Rondônia,1647,7050000000347,-,32,334659484902694,2,9598347724769445,5,8562350731784107,8,034742315965941,61,210365174961687,1,643973623364231,0,59874026695736993,21,457563294052999,2013
Acre,790,15499999998906,-,21,935967048119835,3,9599067649457678,4,4348420112247062,8,6002199151445211,73,182579607988202,1,3319664187067224,0,44661133266574826,30,856201874276739,2013
Amazonas,3605,0070000000669,-,16,992096590804532,5,0554414514377921,2,4273775467218588,11,976858037703028,78,821039693606963,1,2769064059516433,1,7594861688650278,28,129372447031521,2013
Roraima,436,50500000000176,-,22,050191303747368,5,6609265134327034,6,7562477842534179,9,1295787217898337,67,703183782839233,1,9355289578852912,3,4903771291603669,21,275388694530719,2013
Pará,8014,492999999813,-,19,790608728259173,3,2988076449491399,6,7867839336865545,6,5831556035857659,72,952861513500068,1,04238799665839,0,46974582455391356,20,329825564879421,2013
Amapá,737,9410000000064,-,19,523683481248263,6,5354419807133928,12,90075253976274,17,402200370711252,67,206218616389251,3,7951845926615886,0,36934536260057149,42,5010904370099,2013
Tocantins,1455,0390000000318,-,20,66182239651765,4,8430944317228022,7,9809315147448867,8,3525833690276876,70,969015741013934,1,5979859964482159,0,38823034772469101,24,681601869306931,2013
Maranhão,6803,0629999998873,-,19,889794356498449,2,5072972567562175,11,207097065538122,4,2944832250175402,68,56808539018941,0,89752443203020371,0,33502318777580853,22,408017019944246,2013
Piauí,3220,6459999999861,-,23,221278641806386,3,7850999520048787,6,5095402681995225,7,5939899298426674,70,223327827910524,1,2582130108082175,4,5853262085139367E-2,53,887491133822522,2013
Ceará,8789,3340000001699,-,29,352410478204479,2,2045564873324448,3,5577253919600098,7,2552739290068393,66,884245205256008,0,99483478653840685,0,20561892458062808,19,039509468814899,2013
Rio Grande do Norte,3332,9520000000489,-,39,183046344692912,2,4347732033523806,3,1388947234876885,9,7260909176639387,57,563849822340586,1,6257289567170727,0,1142091094782932,30,999003968846207,2013
Paraíba,3870,1820000000307,-,35,946884632600387,2,5808993620676195,3,3650125299491362,9,4869114235922698,60,413060592532275,1,5615861891568923,0,2750422449177079,23,267386500207092,2013
Pernambuco,9133,8569999997817,-,33,732570183433424,2,5984779713308019,5,3057031262300907,7,2510183935615924,60,686371702583862,1,4422384585431725,0,27535498775084222,21,527451817732633,2013
Alagoas,3240,8009999998576,-,23,341412076423406,3,1920907966138876,5,0822729627217385,7,5259771817691847,71,297671752157896,1,0828625162183283,0,27864320869715448,21,436442876448446,2013
Sergipe,2173,2869999999757,-,25,439339607942742,3,6545613425635377,7,3842415352684743,7,2523687816800839,66,675690961839393,1,4565410500234883,0,50072789494997239,20,188278328361619,2013
Bahia,14485,978000000341,-,19,557608432441803,3,3898055000581087,16,459851383076455,3,3714039237339524,63,468068570779437,1,1603089077727109,0,51447161369856975,16,351361623941074,2013
Minas Gerais,20361,189999999413,-,43,034249503243174,1,6612925256161748,9,2291690036104725,3,8548410385166965,47,51720496442158,1,317781409280786,0,21937652872399377,17,956387494518232,2013
Espírito Santo,3733,091999999946,-,40,109317669490558,2,2662229587173655,8,1207837784029824,4,9821182789241467,51,325993702668349,1,6982236284820234,0,44390484943808134,18,310246000407819,2013
Rio de Janeiro,16615,860999999615,-,45,469591912960382,1,5894805662197693,13,267914198581416,3,277501146540013,41,056565615484438,1,5855336052523306,0,20592827297283123,19,000682893908248,2013
São Paulo,43522,921000001166,-,64,328923568593112,1,1307559889072114,5,9584175390229452,4,5102721277590581,28,204833576112243,2,3509113421233718,1,5078253162733317,10,392226238191721,2013
Paraná,10894,87900000005,-,68,6867082124581,0,99841617184894416,2,6865098328527384,6,1447447030320799,27,457381581996547,2,5436724272493016,1,169400372696012,14,489108356849117,2013
Santa Catarina,6608,8550000002133,-,85,746519971615371,0,65786815314195424,2,1940321531129721,8,7646368248520705,11,918686274732282,4,3470394402438659,0,14076160054324577,22,827869794458636,2013
Rio Grande do Sul,11047,661000000091,-,84,253612040135678,0,6902944212196126,4,7720928101761215,6,1793809823477401,10,748490846517987,4,4538379214927568,0,22580430317004926,21,493778326813086,2013
Mato Grosso do Sul,2523,9360000000374,-,45,010739157291852,2,5478112128160464,4,7207088931434686,7,100035856458609,49,058363743721983,2,3616536427690926,1,210188205842609,16,781485408330301,2013
Mato Grosso,3176,4430000000616,-,35,629483400977129,3,012848652633846,7,9449396083486405,6,0959995839777088,55,713548333295137,1,8523194647591161,0,71202865737816545,18,862107527485708,2013
Goiás,6417,2280000000437,-,36,512847589368036,2,3066314449501761,6,8217832943348373,6,0928438253879804,56,036230537159469,1,5172237142805074,0,62913857913717008,27,502554275555909,2013
Distrito Federal,2763,4879999999289,-,44,70998603376465,2,8497946845130029,7,5092817583584077,7,2704099789810313,46,964029661115887,2,5815047254616297,0,8167025467581488,18,360655855653889,2013
Rondônia,1667,7480000000169,-,29,366666506667663,3,600749780292134,4,8383025562775188,8,6548803609453522,65,507357445901377,1,7280398629051281,0,28767349115293173,26,073481236735603,2014
Acre,803,12700000000586,-,18,240435573235644,5,3309836616475526,3,7815371774124582,13,007722093530255,77,510940303043498,1,5545637298609458,0,46708694630914005,36,762752065760225,2014
Amazonas,3670,6890000000599,-,18,282841512060287,4,8080814219233572,2,5105449304566219,8,7932961874648772,77,472851377086997,1,382016784323634,1,7337621803960332,39,277922404161956,2014
Roraima,446,31799999999623,-,20,301122716474808,5,8868993756495405,6,2446375726497108,7,5840659725847734,69,399127170744535,1,8529155637510972,4,0551125401301196,18,646344171524653,2014
Pará,8109,1730000002071,-,17,700716157324031,3,1805955828735737,7,469225487062249,6,9392259403678604,74,45108200595142,0,99797260049361547,0,37897634966199223,19,7308262997052,2014
Amapá,755,06699999999705,-,22,763779247180402,5,784582789687728,10,007787630688719,11,568202960970805,66,893372867265541,2,6740130591677658,0,33506025486481961,32,695693697810427,2014
Tocantins,1472,7510000000077,-,21,819887814415157,4,3302959349591195,8,2439403185152322,7,5085122051410362,69,714411892240165,1,4841102846240548,0,2217599748275654,36,004997705377683,2014
Maranhão,6841,9450000001743,-,18,079581029195683,2,763980239772668,8,4411838607636334,4,3339327366254725,73,287753136350744,0,82927419665404722,0,19148197369208322,18,70158541315655,2014
Piauí,3228,5560000000105,-,21,868691695360774,3,8671423718357705,6,7973104523814865,7,4003891171811924,71,31031743072586,1,2811972498924835,0,0236804215323301,76,184715947994775,2014
Ceará,8843,7250000000549,-,28,729027572555871,2,5331298378500993,3,4922639312442878,6,3876274381498357,67,280861369537789,1,1110164543518493,0,49784712666063813,30,307039933068609,2014
Rio Grande do Norte,3363,0839999999826,-,38,813580996224566,2,4773700748985106,4,2016865867591191,8,7696839961204898,56,746449673965351,1,6678572786562145,0,23828274305064726,29,105820231605982,2014
Paraíba,3889,5889999999808,-,36,989678897216557,2,0371153825677486,3,3448666107622191,7,3228605757596794,59,588604050993375,1,263487517828507,7,6850441026254504E-2,40,095542067211923,2014
Pernambuco,9196,3739999999925,-,31,760900437143022,2,8271409216027457,5,4136485924758109,6,947452160025577,62,59301234352462,1,4640343080320055,0,23243862685803296,38,591183885783529,2014
Alagoas,3256,7800000000025,-,24,94656255513404,3,2902891408341608,4,4733101719286186,6,2459534631230529,70,076002864133187,1,2674166470873167,0,50412440880405285,38,11779319368263,2014
Sergipe,2194,6679999999596,-,24,386081727167543,4,4024585391942939,5,8880903172571344,8,6471236591292424,69,304965542309233,1,539901556464889,0,42086241326687018,20,080418086271067,2014
Bahia,14546,705000000884,-,20,362879376794069,3,7507478397519862,17,651723976906339,3,812710503449781,61,617699693344214,1,1578029278209383,0,36769695295663934,19,280795190257852,2014
Minas Gerais,20498,406000000174,-,43,152371645808316,1,8079380715583695,8,9330250341671746,4,0687799913061715,47,59438381714935,1,5015696364330267,0,32021950287681172,24,372205844376939,2014
Espírito Santo,3780,9940000000452,-,40,233362189332979,2,3960246760893029,8,8719281178805147,4,3221360155661426,50,7477044851112,1,8004751035278745,0,14700520767729278,22,888662976425607,2014
Rio de Janeiro,16725,691999999912,-,46,562976453629652,1,5983617265991856,11,947880476556367,3,2364434717979207,41,264409425000409,1,5642424369550414,0,22473364481292576,18,694596856119009,2014
São Paulo,43931,868999999977,-,64,303011320976509,1,2274963320489942,5,7746261341179919,4,8778591044159585,28,055882105573652,2,4912959029434738,1,8664804393328442,12,261289072083947,2014
Paraná,10984,605999999625,-,69,422586628430608,1,0158455697328765,2,8761350809992723,6,6403579855049104,26,553419896036715,2,5456596207760711,1,147858394535695,12,481466718182032,2014
Santa Catarina,6698,7520000002987,-,87,65020162397596,0,55116507505456347,2,4253099053278269,8,2318738562817231,9,75715624126458,4,4772043003338595,0,16733222942886483,21,450907975896865,2014
Rio Grande do Sul,11100,997999999923,-,82,918816282066217,0,8160407448752075,5,9126218692131491,7,6232688523747747,10,877740701826369,4,1926596961810683,0,29082114689486765,19,73308927179275,2014
Mato Grosso do Sul,2555,3150000000242,-,44,961383941775324,2,4867870782715955,5,380307558882194,7,7970509909808934,48,370942246774483,2,278344170771998,1,287366252567389,17,089532589115212,2014
Mato Grosso,3219,154999999967,-,33,438048608048298,3,4929938567077641,7,6155108320639275,6,159863351089526,58,209013888390693,1,9583003587199519,0,73742667149791907,20,792652590658793,2014
Goiás,6520,4870000000647,-,38,509414923593496,2,7335493106295106,6,6363349178250406,5,4408203469487066,54,47875253206611,1,9247283334929115,0,37549762651416141,36,366151222772153,2014
Distrito Federal,2805,773999999979,-,42,563235076873767,2,7654686586856916,7,0077821478026134,6,3456474541178975,49,875637305100952,2,2039700184577873,0,55334547022573188,21,863191914118385,2014
Rondônia,1688,1380000000336,-,30,462078845268262,3,7690100084089004,5,4329944168749877,9,5298647692469309,63,410959375163543,1,9858208965883417,0,69396736269319925,34,062003356221787,2015
Acre,816,22999999998751,-,17,18051875019875,5,2050811883582808,4,240231582586599,10,229081125660706,78,220111650106162,1,3452478316935534,0,35913801710657911,31,337050427971864,2015
Amazonas,3736,1399999999603,-,16,418347882839555,4,9631874482363489,2,1030532141493761,10,992022934408528,80,189007005889763,1,1541249125650959,1,2895918971205829,29,219505750724906,2015
Roraima,456,5420000000035,-,22,124481822928026,5,9025059432376343,6,8496094833991235,7,2851885681722601,66,26273330750098,2,3061542465534863,4,7631753861716888,25,376948834453245,2015
Pará,8204,0070000002052,-,18,990009390701363,3,2792816688760844,7,7500882875245862,6,1142891887363575,72,84479118785994,1,0030731100550345,0,41192910820234768,23,229333793064193,2015
Amapá,772,10600000000204,-,22,5495934822716,5,8263742470893405,10,899495853732576,13,605560138237237,65,394088147048606,2,6510069805474958,1,1568225169467712,64,404698050136005,2015
Tocantins,1490,781999999977,-,21,498035732350026,5,2255042209328053,9,7028760247727437,6,6772643627256416,68,312652491449967,1,7029489176774655,0,48643575142650441,26,713323876949769,2015
Maranhão,6882,6400000002395,-,17,409192498841442,2,5180121741937356,9,6946718165813657,4,2964919886200725,72,608193127339788,0,80616346690980445,0,28794255723964879,20,278697081301029,2015
Piauí,3237,6910000001044,-,20,243832518622309,4,8967092315154153,6,6679355014090529,7,5335149563668811,73,007025453759425,1,5307708380497826,8,1206526208476792E-2,49,331028810699344,2015
Ceará,8901,9250000001721,-,28,401345204031561,2,470129834825773,3,9089702402368158,6,0301771336423915,67,308098569001586,0,99511117688811412,0,38158598672874461,19,575280762537577,2015
Rio Grande do Norte,3393,8139999999958,-,39,82034461922818,2,5367235853055106,4,3681742209289016,9,0110063900200785,55,666988313053402,1,940031799912413,0,14449284678890986,46,703004549669807,2015
Paraíba,3911,8870000000661,-,37,035461017588197,2,1432169137288839,4,3107609567990366,7,5700695565131442,58,437277493316131,1,3470936264230677,0,21650053229770866,31,243239091243403,2015
Pernambuco,9261,237000000152,-,30,908647923801965,2,7574259542959885,4,7823859698769704,6,7319460521036119,63,994242100411952,1,3574105928908782,0,31472400590931354,18,883985345508485,2015
Alagoas,3272,4600000000569,-,24,630157167574428,3,1336022376165751,4,3955198218868317,5,9539467644567932,70,391797374854647,1,1669731381370743,0,58252563568419979,37,446714421900573,2015
Sergipe,2216,3089999999911,-,22,389338495443678,4,4285523901971944,7,2712901183306444,6,4509881013554926,70,021657395217147,1,5275868329995252,0,31771399100730707,27,852335302123421,2015
Bahia,14609,867000000038,-,19,4436225505398,3,0726045413107173,19,27164373871188,3,1224645313684558,60,755432151709385,1,0250597621489737,0,52930155903924059,18,035045640668191,2015
Minas Gerais,20638,664000000223,-,43,222683036424264,1,7153354671827534,9,8349233370194327,3,6336049118073617,46,769505105661658,1,4608279897283105,0,17288852089445841,19,938306958689989,2015
Espírito Santo,3829,3849999999966,-,39,708046873591861,2,5549932293475663,9,7365971838096979,5,1686939789157762,50,229303484150087,1,8362432031061786,0,32605245844861525,18,434267141494136,2015
Rio de Janeiro,16840,637999999963,-,44,853258321578728,1,5711944767905783,12,428193467984753,3,1624950009766715,42,502720784595162,1,5291516974979198,0,21582742584121048,19,195802977175916,2015
São Paulo,44350,313000000686,-,63,133210118821317,1,1989277801598754,6,4841279472687283,4,6728599217892288,28,72838055658212,2,4112317456226413,1,6542813773272849,9,6759512351930237,2015
Paraná,11075,678000000256,-,69,004007507886982,1,0968377606280479,3,3682947703580988,6,407195372463673,26,718321177205766,2,5499682384338782,0,90937654454883232,12,790536299392283,2015
Santa Catarina,6790,8330000001351,-,86,999563860329005,0,61321726430448709,2,1198036779224068,8,3188850972072768,10,703970718511824,4,5031809518193526,0,17075839116263516,21,079091218084319,2015
Rio Grande do Sul,11157,009999999933,-,83,45430813476483,0,75196991312417127,4,7509684426109002,6,3437978775381429,11,520133576674194,4,3141818253561741,0,27458984595014763,17,869902499330255,2015
Mato Grosso do Sul,2587,2510000000611,-,44,111435607798605,2,5359560694637113,4,891018117957465,7,1411244754931786,49,793894499809227,2,1931284741233221,1,2036517744354089,20,434005468687687,2015
Mato Grosso,3263,5219999999208,-,33,186603955853734,3,3890825586392821,6,799078364101188,5,7020938718744567,59,297466150744093,1,8842219040184536,0,71685152929989249,20,438763603689921,2015
Goiás,6625,1509999999707,-,38,460686803433084,2,4838633304760971,6,2203321240533018,5,7655779629704424,54,941701693879111,1,7965909074356861,0,37105155531380801,22,307206194184712,2015
Distrito Federal,2848,6329999999443,-,39,977397356690048,3,0447798142094742,7,8335634012757893,5,8629341870036953,51,299537651552043,2,1907128852122546,0,88950159048129673,19,065374215874012,2015
Rondônia,1707,6839999999975,-,28,884215747142182,4,2053638452117639,7,3689640540954198,6,4785129769983882,62,715031462373275,1,8313358824960417,1,0317887363897806,19,059960033756678,2016
Acre,828,43599999998742,-,18,045185857991399,4,7725420182376226,5,4211505883969089,8,0957861457626468,75,98191042643127,1,315774460936568,0,55175312717896108,32,5190877531995,2016
Amazonas,3798,0720000000115,-,17,897608294532752,4,5272462694435331,3,1039243888195434,12,584302105809803,76,780096909971874,1,2401998480241943,2,2183704066754197,21,413009513048653,2016
Roraima,467,91899999999481,-,20,967410962118073,6,2799857065366407,8,1236932458850539,8,4114624164223759,65,089373226901316,2,326783785710409,5,794361058309538,22,595181107013786,2016
Pará,8293,480000000156,-,17,845640872461242,3,1865347788526419,7,8034155321127914,5,4559525768951964,73,683820159921609,0,92205407568116038,0,66712343550466857,15,971347030490717,2016
Amapá,788,89199999999653,-,20,606773637366903,4,9577022574183403,8,9738082087851581,10,805974893729013,69,51736057149833,2,007443719100753,0,90205758235019007,52,506331629551198,2016
Tocantins,1507,6229999999746,-,21,123559412053467,5,833866893989315,11,163942956880801,6,9524632449393931,66,756140928914149,1,8861540032031201,0,95635670214943169,23,198410080349635,2016
Maranhão,6921,2590000000037,-,19,511498779763606,2,3951047655443021,10,882642189724708,3,7662175522320887,69,152669761305162,0,81611584624338862,0,45318926920452901,13,496790913106288,2016
Piauí,3246,2280000000974,-,21,23883285921487,4,5289367869552368,7,5723813474223816,6,6092944352792324,71,001521266544074,1,3954762966573688,0,18726452681901309,36,228108576037606,2016
Ceará,8959,456999999773,-,27,481129213537784,2,5052988314866602,4,163810521059502,5,8656548640144912,67,827139286157148,1,0713393958028572,0,52792097924743331,18,204707337112179,2016
Rio Grande do Norte,3422,8430000000262,-,36,306218061484216,2,8193503182937736,5,6723445729554873,9,6650640492417832,57,727402064784492,1,7156164724196246,0,27955519848401233,26,039762967685874,2016
Paraíba,3932,8710000000228,-,35,683356616639095,2,3563584664049362,3,9950296798231038,6,9774242298694,60,170878491098982,1,4147636432554218,0,15073521243974047,29,480350311027543,2016
Pernambuco,9320,4640000000472,-,31,207112734660384,2,8050103798461423,5,7681619945843421,6,3053229428529827,62,523993758211311,1,3626860555003779,0,50073151254375603,15,078525005591709,2016
Alagoas,3286,8489999999192,-,23,999517679448342,3,5171304975384072,4,8539323143596675,6,9429065478791143,70,30151190436051,1,278884695514249,0,83154566574184019,22,037271880262413,2016
Sergipe,2236,7830000000185,-,21,646312446640536,5,4438266859391256,6,6298640873871237,7,2854940927488494,70,736351891291605,1,6813261711698941,0,98747157468053826,18,050679850892394,2016
Bahia,14670,485000000053,-,17,779304644423792,3,6159768158501269,19,958423441509556,3,7830417519764135,61,457067698514592,1,1794895220459278,0,79672776063997752,17,754340739692427,2016
Minas Gerais,20769,869000000588,-,41,072204951802682,1,7700541667142446,10,66838995895527,3,7031196893895038,47,94851184670145,1,3829952837645394,0,29795726384104038,18,010392867793001,2016
Espírito Santo,3875,8639999999982,-,38,477795587636109,2,4449452666181499,9,1767409746023905,4,768381943911991,51,834784769258412,1,6160542526245183,0,51067866850388799,15,725934923896906,2016
Rio de Janeiro,16947,230000000221,-,44,59173754370773,1,7619818889673813,14,255736517829476,3,1072267534086766,40,804267130301504,1,6565771980998085,0,32956294679033105,13,152880966046865,2016
São Paulo,44754,21500000052,-,61,45671201435237,1,3104868571428978,6,2729540259927061,4,5673917353606805,30,362797406775726,2,3512141408715532,1,9015472407497036,9,1617940928232233,2016
Paraná,11162,814999999746,-,67,591840287028262,1,2008982050312851,3,3141202131474907,6,6742944247390472,27,794496993721975,2,9183250912417535,1,2995425060988686,14,884638402885972,2016
Santa Catarina,6882,5109999998622,-,84,142450150559412,0,72453974649306585,2,4713578884355676,7,4533364632809294,13,089727212968196,4,22940712736147,0,29646474803964223,20,009378676999077,2016
Rio Grande do Sul,11211,226999999835,-,81,518907970055594,0,81513756076108534,5,2163244828631452,6,5502444381956639,13,002488967707501,4,1303527443864674,0,25464850222089735,19,882882626820209,2016
Mato Grosso do Sul,2618,0289999999582,-,43,191623867742607,2,6633998340078264,5,1344609993419219,8,1576065720138118,50,353811982097966,2,2088387918407193,1,3201031508165326,15,621013390690546,2016
Mato Grosso,3305,2739999998994,-,32,557704123626444,2,9844274337638312,7,5629685683645143,5,7719373076033014,59,334452957571152,1,6222758497034639,0,54487435043671351,17,818904387887688,2016
Goiás,6725,7480000000742,-,36,075301553270137,2,5250060215839967,6,4125240630951597,5,8286883046996216,56,828653530596561,1,5115899866160913,0,67492134787269786,16,099466271156167,2016
Distrito Federal,2890,2239999999292,-,38,51370846499961,3,1859342515021658,8,9331445736509032,7,2361265697177144,51,745110824080875,2,3050622500550797,0,80803613726653734,19,530972220311952,2016
Rondônia,1727,2479999999741,-,31,135087905343031,2,9765760380577562,7,4723487459219662,7,2613732937993918,60,768888867059538,1,6822816104656892,0,62367448167455219,18,143454346628332,2017
Acre,840,49100000000487,-,19,096507039199636,4,2598442429705692,5,8787292032559302,9,3928403508449243,74,068888723498318,1,3467165048914294,0,9387756676235488,29,431522986088083,2017
Amazonas,3859,2290000000521,-,18,15476082402753,4,6905154922102019,2,8430837884316089,10,008037849452398,76,664628768850903,1,3092879794559065,2,3375266186881025,23,280669714019027,2017
Roraima,486,74699999999825,-,21,446773792396151,5,6494424918077399,8,3086369585101689,7,2286274299083324,64,066477296193028,2,3132562661168263,6,1781119528993962,20,612814547544168,2017
Pará,8381,4740000001075,-,18,159626243372141,3,2843125882507178,8,4611836787163135,6,5858714763347574,72,1559775813557,1,0517668283511441,1,22321249655521,19,699031500211632,2017
Amapá,805,34399999999107,-,19,327529418826355,6,5117330553222104,7,9684025397220868,10,080695270996321,72,287310645291612,2,0784567637189575,0,41675739615997365,50,128857329572071,2017
Tocantins,1524,4030000000275,-,23,692787076333875,4,6952885354169975,10,460806878955832,5,926234919468599,64,845967753530189,1,8718627655398268,1,0004382911802612,20,258438390612454,2017
Maranhão,6960,0700000001216,-,18,491908630203454,2,5707960465537352,10,858464808602422,3,4284934436283496,69,985163208738157,0,75733791756958979,0,66446335245515808,11,029842925410275,2017
Piauí,3254,6259999999638,-,20,442653246801477,4,745246802029925,8,6806113221519396,6,0731225220214142,70,734426257473828,1,4012597976338936,0,14230917357391551,41,118290322099114,2017
Ceará,9015,3540000001121,-,27,536418473570404,2,1528979030203956,4,2907167402741369,5,5470796677715022,67,584803622848639,0,91037831688285453,0,58806116330608993,20,047207685649845,2017
Rio Grande do Norte,3450,6690000000344,-,36,692043536692424,2,6386720745702785,5,9533714406191462,7,8996227177868361,57,20029070414563,1,6297833158357249,0,1393583378942837,33,001431948084189,2017
Paraíba,3953,4480000000954,-,33,770151987755206,3,0092536572354995,5,1245002517698923,7,1349053451037481,60,944307539063928,1,6449542292019737,0,16104022141121255,30,948377954501321,2017
Pernambuco,9377,5519999999742,-,30,729350025856483,2,9579609449150137,6,4139661239853343,6,339453096505113,62,089982704623928,1,4848102354940331,0,74878234524799347,15,199993297788739,2017
Alagoas,3300,7359999999526,-,23,37431423033874,2,8201337109015148,5,246742772284982,6,0071082374158031,70,812789444668638,1,0435718698956327,0,56615355270965551,16,192959549211054,2017
Sergipe,2256,9159999999792,-,20,7952587620474,5,4163767730446013,7,4065810118730955,7,9593544707463941,70,846983789216182,1,6947772414595992,0,95117643686355835,20,458747418314267,2017
Bahia,14730,620000000246,-,19,217516682450871,3,914840928541389,20,921274258482651,3,2481612093154575,59,255821338471698,1,2635400603476576,0,6004881355550783,16,107265444130149,2017
Minas Gerais,20898,151000000136,-,40,396827064295145,1,7257869106778516,10,753766020917988,3,5711929236206559,48,561749059347434,1,273097727491163,0,28765785543964173,17,865326372292319,2017
Espírito Santo,3921,75900000003,-,39,209049200840148,2,5920521745703802,10,461535353928882,5,0613575431743039,49,787056676097905,1,8343086252658263,0,54235876913201586,17,77879595968481,2017
Rio de Janeiro,17050,949000000131,-,43,81401390765545,1,6896482820106153,13,362250618600127,3,0591120885334484,42,334625388159758,1,6814510205035411,0,47483294794713721,12,934282921630627,2017
São Paulo,45143,41699999907,-,60,07748141926907,1,245941158921779,6,9459110762837888,3,9717667700956452,31,144213444149081,2,2076194111638445,1,815085662351932,8,7214175742665301,2017
Paraná,11248,537000000062,-,67,243471153545457,1,0533649138058037,3,6667026119315276,6,0068894466968015,27,982372243782851,2,3981048529905413,1,0973747844590094,11,647222037095869,2017
Santa Catarina,6973,1299999996681,-,82,776475791549245,0,69338823394018634,2,7009714459882135,8,0178292523044128,14,183663920829991,3,6330163756882423,0,32587685436520825,17,708248194516603,2017
Rio Grande do Sul,11261,515000000158,-,79,647226626960176,0,88838674640645998,5,5878835747096298,6,0529534530207689,14,448551395607634,3,7920942180926049,0,31633840272212399,17,7081660718348,2017
Mato Grosso do Sul,2648,3709999999692,-,43,197033555658102,2,5736384345208876,6,0256234853898052,7,2518076850672033,49,467937364460859,2,3293952007227823,1,2968643416378431,15,119215132369144,2017
Mato Grosso,3346,410000000049,-,31,806579054443585,3,1651621323429322,9,3867010358145659,5,47513811173632,57,664194686316321,1,7437382000498804,1,1205433520240946,15,876647693338922,2017
Goiás,6824,1169999999347,-,35,669775599562605,2,2006214170787426,7,6460119288654846,4,9612514390174862,55,9808897054303,1,3949887852710372,0,67382089794261102,18,558256119447165,2017
Distrito Federal,2931,0569999999261,-,36,706807107829107,4,0607335640845026,9,9588081074214649,6,7084416946895944,51,691115744357539,2,5464639433023328,1,5823304795376845,38,08064610852724,2017
Rondônia,1747,1540000000068,-,29,470555836654032,3,6729584402712074,6,7103249279979682,8,7762119806496237,62,401181283098083,2,0119676016447077,1,4044868669216888,16,849394120737571,2018
Acre,853,02299999998695,-,21,026011422476913,4,0397671010174339,5,3461751132477069,8,4437578658616381,72,316776241247794,1,2954028589661861,1,3110372230296925,16,701582156157571,2018
Amazonas,3921,5080000000353,-,16,808716016523562,5,1859634221775464,2,9897180688775906,12,28848873701639,77,408331253652491,1,3175128883677663,2,7932346609451768,19,096522530759042,2018
Roraima,513,46599999999341,-,23,690035498892854,6,1568724173287546,7,674129412216117,8,277140983001777,60,861620530094243,2,4414785552173517,7,7369984724747143,14,383915479843232,2018
Pará,8472,0290000003115,-,17,838190049345496,3,5543211630825757,8,1711705867674862,7,3869386846292118,72,695796622512631,1,2082553090510262,1,2692241100691855,12,734195995226619,2018
Amapá,821,54499999998939,-,17,428553035270998,6,9859016082459187,6,9968806233466614,13,596443530363853,74,260805626786237,1,8386202771922748,1,2485175593799833,22,590979854278174,2018
Tocantins,1542,1500000000012,-,21,093028512337103,4,574695224443575,12,447240380361086,7,4912401649720834,65,017751370067202,1,7308877140884693,1,441979737235908,16,481885194126278,2018
Maranhão,7000,7260000001897,-,18,293111398748596,2,5165920369962178,11,947580751588015,3,8200762218575197,68,544243238370896,0,81178070973414784,1,1991894678784123,7,9139495492813374,2018
Piauí,3263,7539999999417,-,19,797282377318247,4,171215423297971,9,0725890016825623,6,3620714582381428,70,890774018169054,1,3916006673946852,0,23353811963454521,27,211818380344781,2018
Ceará,9072,9799999999777,-,28,223515437706162,2,411295763334468,5,2886794381675362,5,1342359770621231,65,714419289903759,1,0711193726722603,0,76936159374833535,13,869715900756056,2018
Rio Grande do Norte,3479,0099999999538,-,35,864804162639111,3,2574944941794062,5,9772639978341582,7,204772906802444,57,97188828689481,1,8001126060001933,0,18604355263140107,34,404307291540768,2018
Paraíba,3975,3290000000206,-,32,902912819488677,2,7535612528280149,5,6964982626965934,7,8039427829084964,60,957366412699564,1,5331719671249759,0,38859040257822619,18,763584987625432,2018
Pernambuco,9439,0330000000722,-,31,225978566177691,2,6996398565547528,6,4626938955694415,5,4741434101916937,61,22204914360703,1,3439881864644487,1,0581907682437361,12,708970294527166,2018
Alagoas,3315,5640000000271,-,25,350399973283423,3,2867568340726656,5,6944524038443882,6,0635363857376543,67,745807632064782,1,2640031030577485,1,2055240495872102,14,879801742635864,2018
Sergipe,2277,9559999999819,-,19,398147101466368,5,0323712416797681,8,2051806754481724,6,9774979040791667,71,49126340134741,1,4994393919362066,0,88682072364606346,15,409708434307037,2018
Bahia,14793,318999999487,-,18,088750758823529,3,4657901667263062,22,914944634643678,3,3252619519632569,58,165053691781992,1,2548083864322437,0,82271294858161348,12,292297709509601,2018
Minas Gerais,21030,103999999981,-,39,747470745339896,1,8016049723405365,11,776008886606155,3,5187610370986744,48,185990414612611,1,3366799801609728,0,27887383747976446,15,148539190312702,2018
Espírito Santo,3968,7340000000604,-,37,061013289367146,2,8056097599303027,11,040549598714342,4,2342680817466993,51,102672794135238,1,9220156578291954,0,77347079403854158,10,579811730196084,2018
Rio de Janeiro,17159,43500000022,-,45,200962019913163,1,5706740668014179,13,378883181950453,2,8242672591620641,40,82782451682192,1,5310793732081309,0,56184917183807792,10,238355191050797,2018
São Paulo,45532,652999999722,-,59,052004569745712,1,2918930806528399,7,585709203372363,3,8085720205989735,31,612985892466472,2,1924605774067234,1,7302555407026834,9,6038544708210374,2018
Paraná,11335,546999999686,-,65,464701984214102,1,0971040020733387,4,0779176306590363,6,3567964972890145,29,259317403817832,2,2871484862861631,1,1971945362142433,9,9591179591667878,2018
Santa Catarina,7063,80399999986,-,79,902154221764633,0,72165773554504187,3,020701129966413,6,3640712239979695,16,536567725894226,3,2398448861764613,0,5187646860550198,15,193663260991585,2018
Rio Grande do Sul,11310,970000000016,-,78,612812140363033,0,9721486694734135,6,5047964403020524,5,492172568924234,14,473032466097159,4,0122294088771415,0,40935895323600374,16,982863310209662,2018
Mato Grosso do Sul,2679,1119999999564,-,44,040862033694069,2,497253313112398,6,4027147988322284,6,5296149156375005,47,283276108709899,2,2338831450932903,2,2624505245406197,14,458758049863929,2018
Mato Grosso,3388,9189999999753,-,31,002166783026819,2,9578684224327572,10,196309782396257,4,6647915929911088,57,629088959146529,1,5681740151627968,1,1543780784279458,30,013639623102133,2018
Goiás,6923,2600000001457,-,35,845579721120366,2,169914870441453,9,2097306780328427,5,4303137757378739,53,989411335028777,1,3978918893541754,0,95161017651345969,14,380795767025392,2018
Distrito Federal,2972,2090000000362,-,37,548715862313692,3,3267731544566734,10,525422711974839,6,141382593732815,50,387974328988406,2,4150710138832743,1,4705815406104692,24,858496438286085,2018
