UF	Total (1 000 pessoas)	Total (1 000 pessoas) CV (%)	Branca  (Total)	Branca CV (%)	Preta Total	Preta CV (%)	Parda (Total)	Parda CV (%)	Amarela ou ind√≠gena (Total	Amarela ou ind√≠gena CV (%	Ano:
Rond√¥ni	1628,074	-	32,91653408	3,512937048	7,919366928	5,713745532	58,70328759	1,996830698	0,460811407	22,65537629	2012
Acre	777,461	-	23,46945886	3,958771037	4,302202229	10,98382602	71,48453111	1,521277859	0,743807808	34,00583506	2012
Amazonas	3540,643	-	20,36868574	4,253160802	2,460023508	10,23344743	74,95430662	1,443355641	2,216984129	26,98578861	2012
Roraima	426,804	-	20,63305326	6,8280414	5,197810684	11,79542082	70,90517495	2,419312837	3,263961099	27,02655654	2012
Par√	7920,522	-	19,63349434	2,911873128	6,232510541	6,371310537	73,60892561	0,90445564	0,525069509	17,9739789	2012
Amap√	721,361	-	16,82169834	7,372246016	7,044789688	12,59145122	75,79109332	2,119752537	0,342418653	93,5557731	2012
Tocantins	1437,474	-	22,57357511	4,952243955	7,044892227	10,40010023	69,67474855	1,833782443	0,706784118	20,88333176	2012
Maranh√£	6765,94	-	19,12512681	2,583466432	9,618421765	4,718726976	70,94674474	0,864274252	0,309706683	14,13855267	2012
Piau√	3212,635	-	21,40531061	4,562918327	7,179265607	7,817203612	71,39227249	1,369716037	0,023151285	78,25560623	2012
Cear√	8734,806	-	30,48428269	2,216507513	2,898574441	5,993861342	66,29003632	1,042447478	0,327106555	15,99151753	2012
Rio Grande do Norte	3302,72	-	40,45218466	2,360687968	2,66644915	9,974607242	56,7020706	1,701041562	0,179295586	39,73903767	2012
Para√≠b	3855,184	-	33,86144391	2,641937741	4,410619095	8,437790809	60,88889196	1,742231478	0,839045035	91,1347234	2012
Pernambuco	9071,206	-	33,32025707	2,756368873	6,058570194	5,822116186	60,14436752	1,538533845	0,476805214	20,34040475	2012
Alagoas	3224,172	-	23,72697425	3,277371833	4,426355505	7,569684425	71,52907539	1,161641373	0,317594851	25,85823449	2012
Sergipe	2151,985	-	25,79482151	3,797149642	7,845406159	6,547551813	66,15081211	1,55144487	0,20896022	26,93134025	2012
Bahia	14422,526	-	19,9207046	3,506294414	17,34559695	3,596647713	62,11287191	1,248024885	0,620826542	15,69181432	2012
Minas Gerais	20225,15	-	44,29531636	1,671011737	8,688600236	3,971809523	46,67984014	1,473499314	0,336243261	15,57958919	2012
Esp√≠rito Sant	3686,124	-	42,15693378	2,223409399	8,39928075	5,203331435	49,07211504	1,714071127	0,371670435	18,49030976	2012
Rio de Janeiro	16510,152	-	45,56834705	1,637825906	14,25407784	3,417549799	39,86396364	1,672339703	0,31361147	16,76948959	2012
S√£o Paul	43114,156	-	64,66253492	1,149742396	5,645743075	4,762338962	28,33302501	2,387249125	1,358696996	9,994188422	2012
Paran√	10808,804	-	70,09375596	1,115386667	3,125378846	6,936985135	25,52436953	2,85743665	1,256495661	11,61359002	2012
Santa Catarina	6519,681	-	86,37404051	0,59170312	2,607189311	8,054238786	10,80123913	4,219546498	0,21753105	20,18145912	2012
Rio Grande do Sul	10995,534	-	83,39424044	0,76682015	5,194394856	6,354778365	11,04646831	4,525587065	0,364896391	18,56239715	2012
Mato Grosso do Sul	2493,059	-	47,16321806	2,164943462	6,359080944	6,48210423	44,29421291	2,200948688	2,183488082	17,81514068	2012
Mato Grosso	3136,219	-	35,610032	2,981255873	7,333323756	5,79351217	56,13796552	1,923358653	0,918678718	18,98326664	2012
Goi√°	6315,944	-	38,06076135	2,557624412	5,199936268	6,098690074	56,52404166	1,727199185	0,21526072	29,95071037	2012
Distrito Federal	2722,198	-	41,90551734	3,599504718	8,129562143	7,054683662	49,42675076	2,90729801	0,538169749	21,04746676	2012
Rond√¥ni	1647,705	-	32,33465948	2,959834772	5,856235073	8,034742316	61,21036517	1,643973623	0,598740267	21,45756329	2013
Acre	790,155	-	21,93596705	3,959906765	4,434842011	8,600219915	73,18257961	1,331966419	0,446611333	30,85620187	2013
Amazonas	3605,007	-	16,99209659	5,055441451	2,427377547	11,97685804	78,82103969	1,276906406	1,759486169	28,12937245	2013
Roraima	436,505	-	22,0501913	5,660926513	6,756247784	9,129578722	67,70318378	1,935528958	3,490377129	21,27538869	2013
Par√	8014,493	-	19,79060873	3,298807645	6,786783934	6,583155604	72,95286151	1,042387997	0,469745825	20,32982556	2013
Amap√	737,941	-	19,52368348	6,535441981	12,90075254	17,40220037	67,20621862	3,795184593	0,369345363	42,50109044	2013
Tocantins	1455,039	-	20,6618224	4,843094432	7,980931515	8,352583369	70,96901574	1,597985996	0,388230348	24,68160187	2013
Maranh√£	6803,063	-	19,88979436	2,507297257	11,20709707	4,294483225	68,56808539	0,897524432	0,335023188	22,40801702	2013
Piau√	3220,646	-	23,22127864	3,785099952	6,509540268	7,59398993	70,22332783	1,258213011	0,045853262	53,88749113	2013
Cear√	8789,334	-	29,35241048	2,204556487	3,557725392	7,255273929	66,88424521	0,994834787	0,205618925	19,03950947	2013
Rio Grande do Norte	3332,952	-	39,18304634	2,434773203	3,138894723	9,726090918	57,56384982	1,625728957	0,114209109	30,99900397	2013
Para√≠b	3870,182	-	35,94688463	2,580899362	3,36501253	9,486911424	60,41306059	1,561586189	0,275042245	23,2673865	2013
Pernambuco	9133,857	-	33,73257018	2,598477971	5,305703126	7,251018394	60,6863717	1,442238459	0,275354988	21,52745182	2013
Alagoas	3240,801	-	23,34141208	3,192090797	5,082272963	7,525977182	71,29767175	1,082862516	0,278643209	21,43644288	2013
Sergipe	2173,287	-	25,43933961	3,654561343	7,384241535	7,252368782	66,67569096	1,45654105	0,500727895	20,18827833	2013
Bahia	14485,978	-	19,55760843	3,3898055	16,45985138	3,371403924	63,46806857	1,160308908	0,514471614	16,35136162	2013
Minas Gerais	20361,19	-	43,0342495	1,661292526	9,229169004	3,854841039	47,51720496	1,317781409	0,219376529	17,95638749	2013
Esp√≠rito Sant	3733,092	-	40,10931767	2,266222959	8,120783778	4,982118279	51,3259937	1,698223628	0,443904849	18,310246	2013
Rio de Janeiro	16615,861	-	45,46959191	1,589480566	13,2679142	3,277501147	41,05656562	1,585533605	0,205928273	19,00068289	2013
S√£o Paul	43522,921	-	64,32892357	1,130755989	5,958417539	4,510272128	28,20483358	2,350911342	1,507825316	10,39222624	2013
Paran√	10894,879	-	68,68670821	0,998416172	2,686509833	6,144744703	27,45738158	2,543672427	1,169400373	14,48910836	2013
Santa Catarina	6608,855	-	85,74651997	0,657868153	2,194032153	8,764636825	11,91868627	4,34703944	0,140761601	22,82786979	2013
Rio Grande do Sul	11047,661	-	84,25361204	0,690294421	4,77209281	6,179380982	10,74849085	4,453837921	0,225804303	21,49377833	2013
Mato Grosso do Sul	2523,936	-	45,01073916	2,547811213	4,720708893	7,100035856	49,05836374	2,361653643	1,210188206	16,78148541	2013
Mato Grosso	3176,443	-	35,6294834	3,012848653	7,944939608	6,095999584	55,71354833	1,852319465	0,712028657	18,86210753	2013
Goi√°	6417,228	-	36,51284759	2,306631445	6,821783294	6,092843825	56,03623054	1,517223714	0,629138579	27,50255428	2013
Distrito Federal	2763,488	-	44,70998603	2,849794685	7,509281758	7,270409979	46,96402966	2,581504725	0,816702547	18,36065586	2013
Rond√¥ni	1667,748	-	29,36666651	3,60074978	4,838302556	8,654880361	65,50735745	1,728039863	0,287673491	26,07348124	2014
Acre	803,127	-	18,24043557	5,330983662	3,781537177	13,00772209	77,5109403	1,55456373	0,467086946	36,76275207	2014
Amazonas	3670,689	-	18,28284151	4,808081422	2,51054493	8,793296187	77,47285138	1,382016784	1,73376218	39,2779224	2014
Roraima	446,318	-	20,30112272	5,886899376	6,244637573	7,584065973	69,39912717	1,852915564	4,05511254	18,64634417	2014
Par√	8109,173	-	17,70071616	3,180595583	7,469225487	6,93922594	74,45108201	0,9979726	0,37897635	19,7308263	2014
Amap√	755,067	-	22,76377925	5,78458279	10,00778763	11,56820296	66,89337287	2,674013059	0,335060255	32,6956937	2014
Tocantins	1472,751	-	21,81988781	4,330295935	8,243940319	7,508512205	69,71441189	1,484110285	0,221759975	36,00499771	2014
Maranh√£	6841,945	-	18,07958103	2,76398024	8,441183861	4,333932737	73,28775314	0,829274197	0,191481974	18,70158541	2014
Piau√	3228,556	-	21,8686917	3,867142372	6,797310452	7,400389117	71,31031743	1,28119725	0,023680422	76,18471595	2014
Cear√	8843,725	-	28,72902757	2,533129838	3,492263931	6,387627438	67,28086137	1,111016454	0,497847127	30,30703993	2014
Rio Grande do Norte	3363,084	-	38,813581	2,477370075	4,201686587	8,769683996	56,74644967	1,667857279	0,238282743	29,10582023	2014
Para√≠b	3889,589	-	36,9896789	2,037115383	3,344866611	7,322860576	59,58860405	1,263487518	0,076850441	40,09554207	2014
Pernambuco	9196,374	-	31,76090044	2,827140922	5,413648592	6,94745216	62,59301234	1,464034308	0,232438627	38,59118389	2014
Alagoas	3256,78	-	24,94656256	3,290289141	4,473310172	6,245953463	70,07600286	1,267416647	0,504124409	38,11779319	2014
Sergipe	2194,668	-	24,38608173	4,402458539	5,888090317	8,647123659	69,30496554	1,539901556	0,420862413	20,08041809	2014
Bahia	14546,705	-	20,36287938	3,75074784	17,65172398	3,812710503	61,61769969	1,157802928	0,367696953	19,28079519	2014
Minas Gerais	20498,406	-	43,15237165	1,807938072	8,933025034	4,068779991	47,59438382	1,501569636	0,320219503	24,37220584	2014
Esp√≠rito Sant	3780,994	-	40,23336219	2,396024676	8,871928118	4,322136016	50,74770449	1,800475104	0,147005208	22,88866298	2014
Rio de Janeiro	16725,692	-	46,56297645	1,598361727	11,94788048	3,236443472	41,26440943	1,564242437	0,224733645	18,69459686	2014
S√£o Paul	43931,869	-	64,30301132	1,227496332	5,774626134	4,877859104	28,05588211	2,491295903	1,866480439	12,26128907	2014
Paran√	10984,606	-	69,42258663	1,01584557	2,876135081	6,640357986	26,5534199	2,545659621	1,147858395	12,48146672	2014
Santa Catarina	6698,752	-	87,65020162	0,551165075	2,425309905	8,231873856	9,757156241	4,4772043	0,167332229	21,45090798	2014
Rio Grande do Sul	11100,998	-	82,91881628	0,816040745	5,912621869	7,623268852	10,8777407	4,192659696	0,290821147	19,73308927	2014
Mato Grosso do Sul	2555,315	-	44,96138394	2,486787078	5,380307559	7,797050991	48,37094225	2,278344171	1,287366253	17,08953259	2014
Mato Grosso	3219,155	-	33,43804861	3,492993857	7,615510832	6,159863351	58,20901389	1,958300359	0,737426671	20,79265259	2014
Goi√°	6520,487	-	38,50941492	2,733549311	6,636334918	5,440820347	54,47875253	1,924728333	0,375497627	36,36615122	2014
Distrito Federal	2805,774	-	42,56323508	2,765468659	7,007782148	6,345647454	49,87563731	2,203970018	0,55334547	21,86319191	2014
Rond√¥ni	1688,138	-	30,46207885	3,769010008	5,432994417	9,529864769	63,41095938	1,985820897	0,693967363	34,06200336	2015
Acre	816,23	-	17,18051875	5,205081188	4,240231583	10,22908113	78,22011165	1,345247832	0,359138017	31,33705043	2015
Amazonas	3736,14	-	16,41834788	4,963187448	2,103053214	10,99202293	80,18900701	1,154124913	1,289591897	29,21950575	2015
Roraima	456,542	-	22,12448182	5,902505943	6,849609483	7,285188568	66,26273331	2,306154247	4,763175386	25,37694883	2015
Par√	8204,007	-	18,99000939	3,279281669	7,750088288	6,114289189	72,84479119	1,00307311	0,411929108	23,22933379	2015
Amap√	772,106	-	22,54959348	5,826374247	10,89949585	13,60556014	65,39408815	2,651006981	1,156822517	64,40469805	2015
Tocantins	1490,782	-	21,49803573	5,225504221	9,702876025	6,677264363	68,31265249	1,702948918	0,486435751	26,71332388	2015
Maranh√£	6882,64	-	17,4091925	2,518012174	9,694671817	4,296491989	72,60819313	0,806163467	0,287942557	20,27869708	2015
Piau√	3237,691	-	20,24383252	4,896709232	6,667935501	7,533514956	73,00702545	1,530770838	0,081206526	49,33102881	2015
Cear√	8901,925	-	28,4013452	2,470129835	3,90897024	6,030177134	67,30809857	0,995111177	0,381585987	19,57528076	2015
Rio Grande do Norte	3393,814	-	39,82034462	2,536723585	4,368174221	9,01100639	55,66698831	1,9400318	0,144492847	46,70300455	2015
Para√≠b	3911,887	-	37,03546102	2,143216914	4,310760957	7,570069557	58,43727749	1,347093626	0,216500532	31,24323909	2015
Pernambuco	9261,237	-	30,90864792	2,757425954	4,78238597	6,731946052	63,9942421	1,357410593	0,314724006	18,88398535	2015
Alagoas	3272,46	-	24,63015717	3,133602238	4,395519822	5,953946764	70,39179737	1,166973138	0,582525636	37,44671442	2015
Sergipe	2216,309	-	22,3893385	4,42855239	7,271290118	6,450988101	70,0216574	1,527586833	0,317713991	27,8523353	2015
Bahia	14609,867	-	19,44362255	3,072604541	19,27164374	3,122464531	60,75543215	1,025059762	0,529301559	18,03504564	2015
Minas Gerais	20638,664	-	43,22268304	1,715335467	9,834923337	3,633604912	46,76950511	1,46082799	0,172888521	19,93830696	2015
Esp√≠rito Sant	3829,385	-	39,70804687	2,554993229	9,736597184	5,168693979	50,22930348	1,836243203	0,326052458	18,43426714	2015
Rio de Janeiro	16840,638	-	44,85325832	1,571194477	12,42819347	3,162495001	42,50272078	1,529151697	0,215827426	19,19580298	2015
S√£o Paul	44350,313	-	63,13321012	1,19892778	6,484127947	4,672859922	28,72838056	2,411231746	1,654281377	9,675951235	2015
Paran√	11075,678	-	69,00400751	1,096837761	3,36829477	6,407195372	26,71832118	2,549968238	0,909376545	12,7905363	2015
Santa Catarina	6790,833	-	86,99956386	0,613217264	2,119803678	8,318885097	10,70397072	4,503180952	0,170758391	21,07909122	2015
Rio Grande do Sul	11157,01	-	83,45430813	0,751969913	4,750968443	6,343797878	11,52013358	4,314181825	0,274589846	17,8699025	2015
Mato Grosso do Sul	2587,251	-	44,11143561	2,535956069	4,891018118	7,141124475	49,7938945	2,193128474	1,203651774	20,43400547	2015
Mato Grosso	3263,522	-	33,18660396	3,389082559	6,799078364	5,702093872	59,29746615	1,884221904	0,716851529	20,4387636	2015
Goi√°	6625,151	-	38,4606868	2,48386333	6,220332124	5,765577963	54,94170169	1,796590907	0,371051555	22,30720619	2015
Distrito Federal	2848,633	-	39,97739736	3,044779814	7,833563401	5,862934187	51,29953765	2,190712885	0,88950159	19,06537422	2015
Rond√¥ni	1707,684	-	28,88421575	4,205363845	7,368964054	6,478512977	62,71503146	1,831335882	1,031788736	19,05996003	2016
Acre	828,436	-	18,04518586	4,772542018	5,421150588	8,095786146	75,98191043	1,315774461	0,551753127	32,51908775	2016
Amazonas	3798,072	-	17,89760829	4,527246269	3,103924389	12,58430211	76,78009691	1,240199848	2,218370407	21,41300951	2016
Roraima	467,919	-	20,96741096	6,279985707	8,123693246	8,411462416	65,08937323	2,326783786	5,794361058	22,59518111	2016
Par√	8293,48	-	17,84564087	3,186534779	7,803415532	5,455952577	73,68382016	0,922054076	0,667123436	15,97134703	2016
Amap√	788,892	-	20,60677364	4,957702257	8,973808209	10,80597489	69,51736057	2,007443719	0,902057582	52,50633163	2016
Tocantins	1507,623	-	21,12355941	5,833866894	11,16394296	6,952463245	66,75614093	1,886154003	0,956356702	23,19841008	2016
Maranh√£	6921,259	-	19,51149878	2,395104766	10,88264219	3,766217552	69,15266976	0,816115846	0,453189269	13,49679091	2016
Piau√	3246,228	-	21,23883286	4,528936787	7,572381347	6,609294435	71,00152127	1,395476297	0,187264527	36,22810858	2016
Cear√	8959,457	-	27,48112921	2,505298831	4,163810521	5,865654864	67,82713929	1,071339396	0,527920979	18,20470734	2016
Rio Grande do Norte	3422,843	-	36,30621806	2,819350318	5,672344573	9,665064049	57,72740206	1,715616472	0,279555198	26,03976297	2016
Para√≠b	3932,871	-	35,68335662	2,356358466	3,99502968	6,97742423	60,17087849	1,414763643	0,150735212	29,48035031	2016
Pernambuco	9320,464	-	31,20711273	2,80501038	5,768161995	6,305322943	62,52399376	1,362686056	0,500731513	15,07852501	2016
Alagoas	3286,849	-	23,99951768	3,517130498	4,853932314	6,942906548	70,3015119	1,278884696	0,831545666	22,03727188	2016
Sergipe	2236,783	-	21,64631245	5,443826686	6,629864087	7,285494093	70,73635189	1,681326171	0,987471575	18,05067985	2016
Bahia	14670,485	-	17,77930464	3,615976816	19,95842344	3,783041752	61,4570677	1,179489522	0,796727761	17,75434074	2016
Minas Gerais	20769,869	-	41,07220495	1,770054167	10,66838996	3,703119689	47,94851185	1,382995284	0,297957264	18,01039287	2016
Esp√≠rito Sant	3875,864	-	38,47779559	2,444945267	9,176740975	4,768381944	51,83478477	1,616054253	0,510678669	15,72593492	2016
Rio de Janeiro	16947,23	-	44,59173754	1,761981889	14,25573652	3,107226753	40,80426713	1,656577198	0,329562947	13,15288097	2016
S√£o Paul	44754,215	-	61,45671201	1,310486857	6,272954026	4,567391735	30,36279741	2,351214141	1,901547241	9,161794093	2016
Paran√	11162,815	-	67,59184029	1,200898205	3,314120213	6,674294425	27,79449699	2,918325091	1,299542506	14,8846384	2016
Santa Catarina	6882,511	-	84,14245015	0,724539746	2,471357888	7,453336463	13,08972721	4,229407127	0,296464748	20,00937868	2016
Rio Grande do Sul	11211,227	-	81,51890797	0,815137561	5,216324483	6,550244438	13,00248897	4,130352744	0,254648502	19,88288263	2016
Mato Grosso do Sul	2618,029	-	43,19162387	2,663399834	5,134460999	8,157606572	50,35381198	2,208838792	1,320103151	15,62101339	2016
Mato Grosso	3305,274	-	32,55770412	2,984427434	7,562968568	5,771937308	59,33445296	1,62227585	0,54487435	17,81890439	2016
Goi√°	6725,748	-	36,07530155	2,525006022	6,412524063	5,828688305	56,82865353	1,511589987	0,674921348	16,09946627	2016
Distrito Federal	2890,224	-	38,51370846	3,185934252	8,933144574	7,23612657	51,74511082	2,30506225	0,808036137	19,53097222	2016
Rond√¥ni	1727,248	-	31,13508791	2,976576038	7,472348746	7,261373294	60,76888887	1,68228161	0,623674482	18,14345435	2017
Acre	840,491	-	19,09650704	4,259844243	5,878729203	9,392840351	74,06888872	1,346716505	0,938775668	29,43152299	2017
Amazonas	3859,229	-	18,15476082	4,690515492	2,843083788	10,00803785	76,66462877	1,309287979	2,337526619	23,28066971	2017
Roraima	486,747	-	21,44677379	5,649442492	8,308636959	7,22862743	64,0664773	2,313256266	6,178111953	20,61281455	2017
Par√	8381,474	-	18,15962624	3,284312588	8,461183679	6,585871476	72,15597758	1,051766828	1,223212497	19,6990315	2017
Amap√	805,344	-	19,32752942	6,511733055	7,96840254	10,08069527	72,28731065	2,078456764	0,416757396	50,12885733	2017
Tocantins	1524,403	-	23,69278708	4,695288535	10,46080688	5,926234919	64,84596775	1,871862766	1,000438291	20,25843839	2017
Maranh√£	6960,07	-	18,49190863	2,570796047	10,85846481	3,428493444	69,98516321	0,757337918	0,664463352	11,02984293	2017
Piau√	3254,626	-	20,44265325	4,745246802	8,680611322	6,073122522	70,73442626	1,401259798	0,142309174	41,11829032	2017
Cear√	9015,354	-	27,53641847	2,152897903	4,29071674	5,547079668	67,58480362	0,910378317	0,588061163	20,04720769	2017
Rio Grande do Norte	3450,669	-	36,69204354	2,638672075	5,953371441	7,899622718	57,2002907	1,629783316	0,139358338	33,00143195	2017
Para√≠b	3953,448	-	33,77015199	3,009253657	5,124500252	7,134905345	60,94430754	1,644954229	0,161040221	30,94837795	2017
Pernambuco	9377,552	-	30,72935003	2,957960945	6,413966124	6,339453097	62,0899827	1,484810235	0,748782345	15,1999933	2017
Alagoas	3300,736	-	23,37431423	2,820133711	5,246742772	6,007108237	70,81278944	1,04357187	0,566153553	16,19295955	2017
Sergipe	2256,916	-	20,79525876	5,416376773	7,406581012	7,959354471	70,84698379	1,694777241	0,951176437	20,45874742	2017
Bahia	14730,62	-	19,21751668	3,914840929	20,92127426	3,248161209	59,25582134	1,26354006	0,600488136	16,10726544	2017
Minas Gerais	20898,151	-	40,39682706	1,725786911	10,75376602	3,571192924	48,56174906	1,273097727	0,287657855	17,86532637	2017
Esp√≠rito Sant	3921,759	-	39,2090492	2,592052175	10,46153535	5,061357543	49,78705668	1,834308625	0,542358769	17,77879596	2017
Rio de Janeiro	17050,949	-	43,81401391	1,689648282	13,36225062	3,059112089	42,33462539	1,681451021	0,474832948	12,93428292	2017
S√£o Paul	45143,417	-	60,07748142	1,245941159	6,945911076	3,97176677	31,14421344	2,207619411	1,815085662	8,721417574	2017
Paran√	11248,537	-	67,24347115	1,053364914	3,666702612	6,006889447	27,98237224	2,398104853	1,097374784	11,64722204	2017
Santa Catarina	6973,13	-	82,77647579	0,693388234	2,700971446	8,017829252	14,18366392	3,633016376	0,325876854	17,70824819	2017
Rio Grande do Sul	11261,515	-	79,64722663	0,888386746	5,587883575	6,052953453	14,4485514	3,792094218	0,316338403	17,70816607	2017
Mato Grosso do Sul	2648,371	-	43,19703356	2,573638435	6,025623485	7,251807685	49,46793736	2,329395201	1,296864342	15,11921513	2017
Mato Grosso	3346,41	-	31,80657905	3,165162132	9,386701036	5,475138112	57,66419469	1,7437382	1,120543352	15,87664769	2017
Goi√°	6824,117	-	35,6697756	2,200621417	7,646011929	4,961251439	55,98088971	1,394988785	0,673820898	18,55825612	2017
Distrito Federal	2931,057	-	36,70680711	4,060733564	9,958808107	6,708441695	51,69111574	2,546463943	1,58233048	38,08064611	2017
Rond√¥ni	1747,154	-	29,47055584	3,67295844	6,710324928	8,776211981	62,40118128	2,011967602	1,404486867	16,84939412	2018
Acre	853,023	-	21,02601142	4,039767101	5,346175113	8,443757866	72,31677624	1,295402859	1,311037223	16,70158216	2018
Amazonas	3921,508	-	16,80871602	5,185963422	2,989718069	12,28848874	77,40833125	1,317512888	2,793234661	19,09652253	2018
Roraima	513,466	-	23,6900355	6,156872417	7,674129412	8,277140983	60,86162053	2,441478555	7,736998472	14,38391548	2018
Par√	8472,029	-	17,83819005	3,554321163	8,171170587	7,386938685	72,69579662	1,208255309	1,26922411	12,734196	2018
Amap√	821,545	-	17,42855304	6,985901608	6,996880623	13,59644353	74,26080563	1,838620277	1,248517559	22,59097985	2018
Tocantins	1542,15	-	21,09302851	4,574695224	12,44724038	7,491240165	65,01775137	1,730887714	1,441979737	16,48188519	2018
Maranh√£	7000,726	-	18,2931114	2,516592037	11,94758075	3,820076222	68,54424324	0,81178071	1,199189468	7,913949549	2018
Piau√	3263,754	-	19,79728238	4,171215423	9,072589002	6,362071458	70,89077402	1,391600667	0,23353812	27,21181838	2018
Cear√	9072,98	-	28,22351544	2,411295763	5,288679438	5,134235977	65,71441929	1,071119373	0,769361594	13,8697159	2018
Rio Grande do Norte	3479,01	-	35,86480416	3,257494494	5,977263998	7,204772907	57,97188829	1,800112606	0,186043553	34,40430729	2018
Para√≠b	3975,329	-	32,90291282	2,753561253	5,696498263	7,803942783	60,95736641	1,533171967	0,388590403	18,76358499	2018
Pernambuco	9439,033	-	31,22597857	2,699639857	6,462693896	5,47414341	61,22204914	1,343988186	1,058190768	12,70897029	2018
Alagoas	3315,564	-	25,35039997	3,286756834	5,694452404	6,063536386	67,74580763	1,264003103	1,20552405	14,87980174	2018
Sergipe	2277,956	-	19,3981471	5,032371242	8,205180675	6,977497904	71,4912634	1,499439392	0,886820724	15,40970843	2018
Bahia	14793,319	-	18,08875076	3,465790167	22,91494463	3,325261952	58,16505369	1,254808386	0,822712949	12,29229771	2018
Minas Gerais	21030,104	-	39,74747075	1,801604972	11,77600889	3,518761037	48,18599041	1,33667998	0,278873837	15,14853919	2018
Esp√≠rito Sant	3968,734	-	37,06101329	2,80560976	11,0405496	4,234268082	51,10267279	1,922015658	0,773470794	10,57981173	2018
Rio de Janeiro	17159,435	-	45,20096202	1,570674067	13,37888318	2,824267259	40,82782452	1,531079373	0,561849172	10,23835519	2018
S√£o Paul	45532,653	-	59,05200457	1,291893081	7,585709203	3,808572021	31,61298589	2,192460577	1,730255541	9,603854471	2018
Paran√	11335,547	-	65,46470198	1,097104002	4,077917631	6,356796497	29,2593174	2,287148486	1,197194536	9,959117959	2018
Santa Catarina	7063,804	-	79,90215422	0,721657736	3,02070113	6,364071224	16,53656773	3,239844886	0,518764686	15,19366326	2018
Rio Grande do Sul	11310,97	-	78,61281214	0,972148669	6,50479644	5,492172569	14,47303247	4,012229409	0,409358953	16,98286331	2018
Mato Grosso do Sul	2679,112	-	44,04086203	2,497253313	6,402714799	6,529614916	47,28327611	2,233883145	2,262450525	14,45875805	2018
Mato Grosso	3388,919	-	31,00216678	2,957868422	10,19630978	4,664791593	57,62908896	1,568174015	1,154378078	30,01363962	2018
Goi√°	6923,26	-	35,84557972	2,16991487	9,209730678	5,430313776	53,98941134	1,397891889	0,951610177	14,38079577	2018
Distrito Federal	2972,209	-	37,54871586	3,326773154	10,52542271	6,141382594	50,38797433	2,415071014	1,470581541	24,85849644	2018
